0 0 0 0.0001 -0.0001 0.0001 0.0000 0.0000 0.0000
0.0000 0.0000 0.0100 0.0003 -0.0004 -13.9637   
0.0000 0.0000 0.0010 0.0002 -0.0001 -1.3907 -0.0040 -0.0019 -1.3986
0.0000 0.0000 0.0015 0.0002 -0.0001 -2.0862 -0.0015 0.0074 -2.0945
0.0000 0.0000 0.0001 0.0001 -0.0001 -0.1389 0.0008 0.0005 -0.1390
0.0000 0.0000 0.0020 0.0002 -0.0001 -2.7819 -0.0133 0.0101 -2.7962
0.0000 0.0000 0.0002 0.0002 -0.0001 -0.2780 0.0015 0.0010 -0.2780
0.0000 0.0000 0.0030 0.0002 -0.0002 -4.1737   
0.0000 0.0000 0.0003 0.0001 -0.0001 -0.4171 0.0009 -0.0016 -0.4185
0.0000 0.0000 0.0040 0.0002 -0.0002 -5.5665   
0.0000 0.0000 0.0004 0.0001 -0.0001 -0.5562 0.0022 -0.0032 -0.5577
0.0000 0.0000 0.0050 0.0002 -0.0002 -6.9606   
0.0000 0.0000 0.0005 0.0001 -0.0001 -0.6953 0.0035 0.0052 -0.6942
0.0000 0.0000 0.0060 0.0002 -0.0003 -8.3564   
0.0000 0.0000 0.0070 0.0002 -0.0003 -9.7542   
0.0000 0.0000 0.0080 0.0003 -0.0003 -11.1544   
0.0000 0.0000 0.0090 0.0003 -0.0004 -12.5575   
