-0.1000 0.0000 0.0000 136.3534 0.5612 -0.5297   
-0.0100 0.0000 0.0000 11.9274 0.0000 0.0001 12.0419 0.0005 -0.0015
-0.0010 0.0000 0.0000 1.1919 -0.0001 0.0001 1.1951 0.0021 0.0082
-0.0001 0.0000 0.0000 0.1193 -0.0001 0.0001 0.1195 0.0002 0.0009
-0.3162 0.0000 0.0000 449.7090 0.1413 0.1123   
-0.0316 0.0000 0.0000 37.9830 0.0043 -0.0033 38.8384 0.0040 0.0009
-0.0032 0.0000 0.0000 3.8139 0.0000 0.0001 3.8401 -0.0076 0.0111
-0.0003 0.0000 0.0000 0.3576 -0.0001 0.0001 0.3585 0.0006 0.0026
-0.9999 0.0000 0.0000 1344.2295 -1.0367 -2.0931   
   0.0001 -0.0001 0.0001 0.0000 0.0000 0.0000
0.1000 0.0000 0.0000      
0.0100 0.0000 0.0000 -11.9271 -0.0001 0.0002 -12.0419 -0.0005 0.0014
0.0010 0.0000 0.0000 -1.1916 -0.0001 0.0001 -1.1951 -0.0022 -0.0082
0.0001 0.0000 0.0000 -0.1190 -0.0001 0.0001 -0.1195 -0.0002 -0.0009
0.3162 0.0000 0.0000 -449.7092 -0.1419 -0.1122   
0.0316 0.0000 0.0000 -37.9828 -0.0044 0.0035 -38.8370 -0.0023 -0.0026
0.0032 0.0000 0.0000 -3.8137 -0.0001 0.0002 -3.8392 -0.0038 0.0009
0.0003 0.0000 0.0000 -0.3574 -0.0001 0.0001 -0.3585 -0.0006 -0.0025
0.9999 0.0000 0.0000 -1344.2303 1.0353 2.0933   
0.0000 -0.1000 0.0000 0.5637 136.4533 -0.1259   
0.0000 -0.0100 0.0000 0.0002 11.9266 0.0002 0.0771 11.7822 -0.0961
0.0000 -0.0010 0.0000 0.0001 1.1916 0.0001 -0.0074 1.1968 0.0014
0.0000 -0.0001 0.0000 0.0001 0.1191 0.0001 -0.0008 0.1197 0.0002
0.0000 -0.3162 0.0000 -2.0440 449.6191 0.9900   
0.0000 -0.0316 0.0000 0.0045 37.9847 -0.0021   
0.0000 -0.0032 0.0000 0.0002 3.8135 0.0001 -0.0024 3.8278 0.0060
0.0000 -0.0003 0.0000 0.0001 0.3574 0.0001 -0.0022 0.3591 0.0005
0.0000 -0.9999 0.0000 0.5987 1343.4296 1.6404   
   0.0001 -0.0001 0.0001 0.0000 0.0000 0.0000
0.0000 0.1000 0.0000 -0.4932 -136.3590 0.5876   
0.0000 0.0100 0.0000 0.0001 -11.9267 0.0000   
0.0000 0.0010 0.0000 0.0001 -1.1917 0.0001 0.0074 -1.1969 -0.0013
0.0000 0.0001 0.0000 0.0001 -0.1192 0.0001 0.0008 -0.1197 -0.0001
0.0000 0.3162 0.0000 2.0446 -449.6186 -0.9874   
0.0000 0.0316 0.0000 -0.0043 -37.9849 0.0024   
0.0000 0.0032 0.0000 0.0001 -3.8136 0.0001 0.0025 -3.8279 -0.0059
0.0000 0.0003 0.0000 0.0001 -0.3575 0.0001 0.0022 -0.3591 -0.0004
0.0000 0.9999 0.0000 -0.5973 -1343.4313 -1.6433   
0.0000 0.0000 -0.1000 0.2521 0.1175 136.7273   
0.0000 0.0000 -0.0100 0.0001 0.0001 11.9251   
0.0000 0.0000 -0.0010 0.0001 0.0000 1.1916 -0.0050 -0.0069 1.1947
0.0000 0.0000 -0.0001 0.0001 -0.0001 0.1193 -0.0005 -0.0008 0.1195
0.0000 0.0000 -0.3162 0.5135 0.2081 446.7566   
0.0000 0.0000 -0.0316 0.0009 0.0007 37.9846   
0.0000 0.0000 -0.0032 0.0002 0.0000 3.8132 0.0032 0.0092 3.8318
0.0000 0.0000 -0.0003 0.0001 -0.0001 0.3575 -0.0014 -0.0021 0.3585
0.0000 0.0000 -0.9999 0.0100 -0.5186 1345.0435   
   0.0001 -0.0001 0.0001 0.0000 0.0000 0.0000
0.0000 0.0000 0.1000 -0.2521 -0.1176 -136.7278   
0.0000 0.0000 0.0100 0.0001 -0.0002 -11.9249   
0.0000 0.0000 0.0010 0.0001 -0.0001 -1.1913 0.0049 0.0069 -1.1947
0.0000 0.0000 0.0001 0.0001 -0.0001 -0.1190 0.0005 0.0007 -0.1195
0.0000 0.0000 0.3162 -0.5140 -0.2081 -446.7557   
0.0000 0.0000 0.0316 -0.0006 -0.0008 -37.9845   
0.0000 0.0000 0.0032 0.0001 -0.0001 -3.8129 0.3895 -0.0386 -3.9441
0.0000 0.0000 0.0003 0.0001 -0.0001 -0.3573 0.0014 0.0021 -0.3585
0.0000 0.0000 0.9999 -0.0094 0.5186 -1345.0420   
